8.2938 0.995516 0.560617
0.995516 6.298198 0.595772
-0.56061 0.595772 4.997407

1.0000 0.5000 0.3333
0.5000 0.3333 0.2500
0.3333 0.2500 0.2000

1.0000 0.5000 0.3333 0.2500 0.2000
0.5000 0.3333 0.2500 0.2000 0.1667
0.3333 0.2500 0.2000 0.1667 0.1429
0.2500 0.2000 0.1667 0.1429 0.1250
0.2000 0.1667 0.1429 0.1250 0.1111

3 -1 0 0 0 0
-1 3 -1 0 0 0
0 -1 3 -1 0 0
0 0 -1 3 -1 0
0 0 0 -1 3 -1
0 0 0 0 -1 3

1 0.5 0.33333333 0.25 0.2 0.16666667 0.14285714 0.125 0.11111111 0.1 0.09090909 0.0833333 0.07692308 0.07142857 0.06666667
0.5 0.33333333 0.25 0.2 0.16666667 0.14285714 0.125 0.11111111 0.1 0.09090909 0.0833333 0.07692308 0.07142857 0.06666667 0.0625
0.33333333 0.25 0.2 0.16666667 0.14285714 0.125 0.11111111 0.1 0.09090909 0.0833333 0.07692308 0.07142857 0.06666667 0.0625